-2048
-2048
-2048
-1994
-1576
-1414
-1348
-1327
-1345
-1347
-1356
-1346
-1330
-1307
-1297
-1311
-1324
-1341
-1344
-1351
-1346
-1351
-1361
-1367
-1375
-1382
-1396
-1396
-1397
-1397
-1389
-1390
-1393
-1403
-1383
-1369
-1350
-1318
-1312
-1314
-1339
-1360
-1381
-1383
-1364
-1345
-1331
-1335
-1337
-1351
-1376
-1387
-1403
-1392
-1381
-1351
-1334
-1335
-1348
-1369
-1373
-1369
-1351
-1350
-1365
-1373
-1381
-1373
-1373
-1380
-1394
-1406
-1406
-1406
-1403
-1408
-1402
-1396
-1388
-1370
-1365
-1351
-1338
-1332
-1337
-1367
-1393
-1404
-1380
-1355
-1342
-1348
-1361
-1372
-1384
-1385
-1391
-1395
-1384
-1361
-1339
-1340
-1359
-1390
-1391
-1383
-1371
-1365
-1372
-1371
-1364
-1361
-1377
-1402
-1422
-1421
-1404
-1401
-1405
-2048
-2048
-2048
-2048
-2009
-1639
-1478
-1423
-1399
-1391
-1398
-1393
-1394
-1392
-1393
-1391
-1400
-1414
-1413
-1417
-1416
-1414
-1412
-1422
-1417
-1420
-1423
-1421
-1424
-1419
-1419
-1414
-1412
-1409
-1409
-1416
-1414
-1414
-1408
-1405
-1403
-1401
-1403
-1403
-1413
-1418
-1419
-1418
-1416
-1408
-1405
-1413
-1408
-1417
-1413
-1414
-1411
-1413
-1410
-1406
-1410
-1412
-1418
-1417
-1421
-1414
-1414
-1420
-1419
-1427
-1426
-1432
-1427
-1429
-1426
-1424
-1427
-1420
-1424
-1416
-1423
-1422
-1415
-1416
-1414
-1413
-1404
-1404
-1400
-1404
-1408
-1411
-1416
-1409
-1402
-1398
-1403
-1395
-1399
-1405
-1407
-1418
-1416
-1417
-1404
-1408
-1409
-1419
-1428
-1431
-1437
-1429
-1426
-1420
-1418
-1423
-1418
-1426
-1422
-1424
-2048
-2048
-2048
-2048
-1977
-1606
-1460
-1406
-1386
-1377
-1384
-1384
-1386
-1383
-1381
-1373
-1381
-1378
-1383
-1374
-1375
-1367
-1360
-1362
-1363
-1375
-1380
-1391
-1384
-1388
-1385
-1385
-1376
-1378
-1374
-1379
-1389
-1389
-1400
-1399
-1397
-1391
-1390
-1388
-1395
-1397
-1405
-1401
-1405
-1409
-1406
-1410
-1409
-1418
-1420
-1423
-1421
-1429
-1420
-1421
-1412
-1413
-1405
-1404
-1403
-1400
-1400
-1396
-1389
-1380
-1379
-1379
-1381
-1380
-1382
-1376
-1371
-1374
-1368
-1371
-1370
-1377
-1374
-1378
-1375
-1379
-1368
-1369
-1364
-1367
-1375
-1374
-1385
-1388
-1397
-1396
-1400
-1391
-1393
-1387
-1397
-1400
-1402
-1409
-1404
-1409
-1400
-1401
-1401
-1397
-1393
-1388
-1388
-1384
-1386
-1381
-1397
-1390
-1399
-1388
-2048
-2048
-2048
-2048
-2016
-1640
-1495
-1433
-1409
-1397
-1398
-1393
-1397
-1387
-1380
-1377
-1368
-1360
-1354
-1355
-1350
-1349
-1341
-1347
-1347
-1348
-1350
-1362
-1359
-1368
-1370
-1376
-1379
-1381
-1378
-1384
-1379
-1377
-1377
-1378
-1372
-1374
-1366
-1378
-1376
-1387
-1389
-1399
-1403
-1411
-1412
-1418
-1417
-1418
-1420
-1419
-1417
-1421
-1413
-1415
-1404
-1403
-1393
-1392
-1384
-1385
-1377
-1379
-1375
-1381
-1384
-1391
-1389
-1395
-1393
-1402
-1401
-1404
-1402
-1396
-1398
-1391
-1388
-1388
-1385
-1383
-1382
-1386
-1386
-1387
-1388
-1395
-1398
-1405
-1409
-1411
-1415
-1417
-1422
-1417
-1415
-1412
-1410
-1411
-1402
-1398
-1390
-1387
-1378
-1380
-1378
-1377
-1372
-1373
-1377
-1384
-1382
-1394
-1393
-1400
-2048
-2048
-2048
-2048
-1996
-1607
-1458
-1392
-1372
-1358
-1354
-1348
-1349
-1361
-1366
-1375
-1378
-1384
-1389
-1391
-1392
-1399
-1399
-1399
-1399
-1397
-1397
-1393
-1389
-1380
-1382
-1369
-1369
-1359
-1357
-1366
-1369
-1371
-1365
-1372
-1372
-1373
-1375
-1376
-1373
-1376
-1374
-1373
-1379
-1376
-1379
-1372
-1377
-1370
-1378
-1374
-1382
-1378
-1384
-1382
-1390
-1389
-1393
-1401
-1398
-1401
-1395
-1397
-1386
-1385
-1378
-1376
-1369
-1369
-1362
-1365
-1360
-1362
-1356
-1362
-1371
-1374
-1382
-1382
-1388
-1390
-1392
-1387
-1397
-1393
-1395
-1389
-1395
-1391
-1402
-1394
-1401
-1398
-1406
-1403
-1409
-1411
-1419
-1416
-1419
-1420
-1419
-1421
-1412
-1413
-1402
-1407
-1397
-1403
-1396
-1395
-1390
-1391
-1387
-1391
-2048
-2048
-2048
-2048
-1997
-1621
-1474
-1409
-1378
-1364
-1357
-1343
-1340
-1344
-1339
-1345
-1353
-1356
-1366
-1381
-1387
-1396
-1408
-1412
-1421
-1432
-1433
-1435
-1439
-1430
-1418
-1412
-1397
-1383
-1383
-1365
-1367
-1369
-1370
-1379
-1381
-1394
-1406
-1406
-1417
-1422
-1411
-1412
-1417
-1406
-1398
-1392
-1386
-1384
-1379
-1380
-1392
-1396
-1400
-1416
-1422
-1430
-1434
-1439
-1448
-1447
-1450
-1455
-1447
-1441
-1428
-1416
-1407
-1390
-1382
-1378
-1374
-1376
-1378
-1386
-1398
-1399
-1407
-1414
-1412
-1413
-1406
-1400
-1392
-1380
-1376
-1370
-1364
-1362
-1356
-1365
-1375
-1378
-1389
-1394
-1403
-1417
-1421
-1426
-1429
-1434
-1439
-1435
-1435
-1422
-1410
-1403
-1387
-1380
-1373
-1364
-1368
-1364
-1373
-1381
-2048
-2048
-2048
-2048
-2031
-1660
-1506
-1442
-1422
-1402
-1401
-1389
-1389
-1382
-1380
-1382
-1382
-1393
-1390
-1401
-1402
-1411
-1421
-1425
-1430
-1428
-1434
-1428
-1428
-1425
-1420
-1415
-1410
-1401
-1387
-1380
-1376
-1379
-1386
-1388
-1398
-1402
-1414
-1409
-1417
-1430
-1423
-1426
-1416
-1418
-1409
-1405
-1404
-1398
-1400
-1396
-1403
-1400
-1408
-1417
-1422
-1434
-1437
-1447
-1446
-1453
-1447
-1449
-1448
-1441
-1439
-1427
-1417
-1403
-1395
-1391
-1383
-1387
-1377
-1385
-1381
-1392
-1403
-1410
-1414
-1407
-1411
-1405
-1401
-1402
-1396
-1395
-1388
-1388
-1380
-1383
-1390
-1393
-1403
-1404
-1417
-1414
-1421
-1423
-1428
-1439
-1440
-1443
-1436
-1433
-1421
-1413
-1408
-1395
-1392
-1384
-1383
-1376
-1378
-1387
-2048
-2048
-2048
-2048
-2025
-1639
-1497
-1422
-1397
-1387
-1380
-1380
-1379
-1383
-1383
-1387
-1384
-1393
-1392
-1400
-1400
-1409
-1420
-1422
-1432
-1431
-1435
-1430
-1433
-1426
-1424
-1415
-1411
-1407
-1407
-1410
-1407
-1411
-1410
-1413
-1411
-1420
-1415
-1419
-1417
-1419
-1419
-1416
-1420
-1411
-1417
-1406
-1407
-1401
-1404
-1407
-1411
-1416
-1418
-1430
-1429
-1436
-1438
-1443
-1439
-1438
-1434
-1427
-1427
-1422
-1421
-1414
-1410
-1402
-1406
-1397
-1396
-1390
-1396
-1403
-1404
-1418
-1412
-1419
-1414
-1413
-1408
-1406
-1402
-1406
-1407
-1405
-1415
-1415
-1419
-1420
-1423
-1427
-1431
-1432
-1435
-1441
-1442
-1443
-1435
-1437
-1425
-1421
-1409
-1405
-1392
-1384
-1387
-1379
-1387
-1378
-1385
-1378
-1384
-1382
-2048
-2048
-2048
-2048
-2013
-1638
-1493
-1432
-1412
-1414
-1411
-1414
-1402
-1401
-1399
-1396
-1401
-1397
-1405
-1402
-1406
-1410
-1408
-1424
-1425
-1429
-1428
-1436
-1433
-1435
-1438
-1436
-1436
-1426
-1420
-1408
-1400
-1402
-1391
-1395
-1388
-1392
-1390
-1396
-1409
-1406
-1419
-1420
-1423
-1426
-1432
-1442
-1437
-1441
-1434
-1433
-1423
-1420
-1422
-1421
-1429
-1425
-1434
-1441
-1445
-1456
-1459
-1467
-1467
-1471
-1469
-1472
-1478
-1471
-1470
-1458
-1452
-1441
-1426
-1425
-1411
-1408
-1397
-1394
-1387
-1390
-1396
-1394
-1403
-1406
-1415
-1420
-1427
-1435
-1435
-1441
-1437
-1437
-1432
-1428
-1435
-1431
-1430
-1425
-1429
-1430
-1434
-1443
-1450
-1458
-1456
-1459
-1458
-1462
-1467
-1462
-1467
-1457
-1450
-1438
-2048
-2048
-2048
-2048
-2032
-1635
-1482
-1418
-1384
-1384
-1373
-1380
-1382
-1376
-1369
-1373
-1368
-1375
-1375
-1375
-1383
-1378
-1385
-1378
-1379
-1385
-1382
-1382
-1380
-1375
-1376
-1380
-1385
-1390
-1395
-1392
-1399
-1395
-1392
-1399
-1397
-1401
-1404
-1409
-1411
-1411
-1409
-1411
-1409
-1402
-1404
-1403
-1408
-1412
-1403
-1406
-1399
-1407
-1398
-1401
-1408
-1405
-1406
-1403
-1408
-1397
-1404
-1397
-1403
-1404
-1398
-1403
-1396
-1400
-1402
-1398
-1399
-1399
-1400
-1395
-1399
-1402
-1401
-1406
-1402
-1402
-1400
-1399
-1411
-1412
-1417
-1412
-1421
-1417
-1417
-1424
-1423
-1428
-1422
-1420
-1416
-1413
-1420
-1414
-1412
-1403
-1403
-1394
-1391
-1393
-1389
-1391
-1391
-1391
-1390
-1392
-1396
-1394
-1392
-1395
-2048
-2048
-2048
-2048
-2012
-1627
-1477
-1412
-1393
-1377
-1375
-1370
-1370
-1367
-1364
-1378
-1373
-1379
-1380
-1383
-1383
-1394
-1389
-1395
-1395
-1397
-1408
-1410
-1419
-1421
-1427
-1421
-1422
-1421
-1419
-1416
-1413
-1420
-1416
-1418
-1410
-1415
-1410
-1413
-1403
-1403
-1410
-1412
-1417
-1413
-1415
-1411
-1417
-1410
-1413
-1409
-1408
-1414
-1411
-1415
-1410
-1413
-1411
-1412
-1406
-1415
-1412
-1414
-1422
-1420
-1427
-1426
-1427
-1424
-1427
-1420
-1423
-1430
-1424
-1425
-1426
-1427
-1422
-1420
-1412
-1411
-1413
-1410
-1413
-1407
-1409
-1408
-1405
-1402
-1402
-1404
-1404
-1409
-1406
-1410
-1408
-1408
-1407
-1410
-1409
-1409
-1415
-1410
-1418
-1410
-1416
-1410
-1410
-1404
-1408
-1411
-1410
-1421
-1417
-1421
-2048
-2048
-2048
-2048
-1993
-1619
-1478
-1411
-1389
-1376
-1379
-1375
-1377
-1369
-1376
-1371
-1368
-1368
-1375
-1377
-1384
-1390
-1388
-1402
-1407
-1420
-1421
-1427
-1420
-1432
-1424
-1425
-1421
-1423
-1422
-1424
-1413
-1405
-1403
-1383
-1387
-1378
-1388
-1386
-1399
-1402
-1408
-1400
-1391
-1383
-1377
-1370
-1374
-1371
-1374
-1386
-1379
-1385
-1383
-1387
-1382
-1381
-1377
-1385
-1382
-1387
-1388
-1397
-1406
-1416
-1421
-1413
-1421
-1422
-1425
-1420
-1420
-1414
-1419
-1412
-1405
-1386
-1373
-1373
-1376
-1387
-1395
-1407
-1410
-1415
-1410
-1406
-1389
-1393
-1382
-1386
-1385
-1384
-1391
-1390
-1396
-1393
-1390
-1381
-1384
-1385
-1391
-1388
-1393
-1394
-1408
-1420
-1425
-1430
-1426
-1426
-1423
-1433
-1429
-1433
-2048
-2048
-2048
-2048
-1991
-1633
-1484
-1426
-1399
-1397
-1396
-1412
-1403
-1409
-1402
-1399
-1386
-1381
-1371
-1378
-1382
-1401
-1402
-1409
-1402
-1395
-1386
-1386
-1381
-1390
-1394
-1399
-1398
-1404
-1391
-1395
-1384
-1393
-1396
-1397
-1398
-1406
-1405
-1408
-1406
-1410
-1417
-1414
-1419
-1410
-1410
-1403
-1408
-1403
-1413
-1417
-1421
-1411
-1399
-1385
-1383
-1374
-1380
-1390
-1406
-1412
-1421
-1413
-1406
-1395
-1392
-1392
-1400
-1402
-1415
-1412
-1417
-1407
-1413
-1409
-1416
-1415
-1420
-1423
-1414
-1418
-1412
-1411
-1407
-1413
-1410
-1417
-1406
-1410
-1402
-1403
-1405
-1414
-1415
-1423
-1414
-1406
-1388
-1380
-1370
-1378
-1383
-1402
-1408
-1414
-1410
-1403
-1391
-1387
-1383
-1395
-1398
-1414
-1414
-1417
-2048
-2048
-2048
-2048
-1957
-1582
-1428
-1367
-1349
-1350
-1360
-1355
-1355
-1354
-1344
-1339
-1335
-1335
-1345
-1346
-1348
-1360
-1358
-1361
-1360
-1361
-1368
-1372
-1374
-1374
-1375
-1377
-1383
-1387
-1397
-1385
-1379
-1361
-1351
-1349
-1347
-1358
-1362
-1378
-1387
-1384
-1374
-1360
-1355
-1358
-1357
-1370
-1368
-1378
-1383
-1369
-1367
-1356
-1358
-1365
-1370
-1379
-1376
-1382
-1388
-1388
-1390
-1388
-1390
-1399
-1396
-1402
-1393
-1396
-1397
-1402
-1409
-1402
-1392
-1374
-1361
-1356
-1350
-1359
-1365
-1373
-1384
-1380
-1375
-1363
-1352
-1340
-1342
-1360
-1365
-1378
-1368
-1367
-1359
-1349
-1353
-1350
-1361
-1362
-1374
-1373
-1370
-1371
-1370
-1375
-1372
-1384
-1382
-1382
-1382
-1375
-1378
-1378
-1380
-1377
-2048
-2048
-2048
-2048
-1960
-1587
-1445
-1390
-1371
-1370
-1367
-1372
-1366
-1367
-1373
-1372
-1375
-1375
-1381
-1381
-1385
-1393
-1393
-1398
-1395
-1401
-1398
-1402
-1405
-1407
-1409
-1408
-1412
-1403
-1400
-1398
-1389
-1384
-1374
-1373
-1375
-1382
-1390
-1398
-1400
-1394
-1389
-1379
-1378
-1376
-1381
-1384
-1389
-1389
-1380
-1378
-1372
-1375
-1375
-1369
-1369
-1368
-1372
-1373
-1375
-1382
-1380
-1386
-1384
-1391
-1386
-1393
-1398
-1397
-1403
-1404
-1403
-1396
-1387
-1384
-1367
-1369
-1368
-1371
-1382
-1388
-1396
-1390
-1390
-1376
-1373
-1371
-1370
-1381
-1385
-1393
-1388
-1388
-1382
-1381
-1382
-1383
-1394
-1391
-1398
-1397
-1397
-1405
-1407
-1415
-1407
-1410
-1407
-1407
-1409
-1410
-1413
-1410
-1413
-1406
-2048
-2048
-2048
-2048
-2042
-1658
-1499
-1429
-1406
-1406
-1397
-1401
-1406
-1408
-1404
-1406
-1410
-1396
-1393
-1401
-1408
-1408
-1402
-1419
-1426
-1422
-1415
-1419
-1413
-1413
-1407
-1404
-1414
-1407
-1406
-1399
-1405
-1415
-1405
-1412
-1414
-1417
-1410
-1404
-1414
-1413
-1410
-1409
-1407
-1402
-1402
-1402
-1399
-1404
-1398
-1399
-1397
-1395
-1404
-1404
-1410
-1405
-1408
-1404
-1406
-1415
-1412
-1415
-1409
-1414
-1409
-1413
-1417
-1411
-1417
-1414
-1418
-1410
-1412
-1419
-1419
-1417
-1410
-1410
-1404
-1408
-1410
-1406
-1414
-1406
-1407
-1404
-1407
-1416
-1412
-1412
-1409
-1411
-1406
-1411
-1418
-1415
-1419
-1416
-1417
-1412
-1416
-1422
-1416
-1422
-1418
-1417
-1415
-1415
-1418
-1416
-1416
-1412
-1417
-1412
-2048
-2048
-2048
-2048
-2010
-1632
-1473
-1410
-1380
-1373
-1377
-1374
-1380
-1376
-1384
-1379
-1381
-1395
-1394
-1402
-1402
-1405
-1406
-1412
-1418
-1421
-1425
-1418
-1419
-1419
-1416
-1421
-1419
-1424
-1417
-1411
-1404
-1397
-1402
-1396
-1396
-1392
-1387
-1388
-1390
-1394
-1394
-1400
-1396
-1396
-1393
-1394
-1396
-1403
-1403
-1400
-1405
-1399
-1406
-1413
-1410
-1415
-1414
-1421
-1421
-1422
-1435
-1436
-1442
-1437
-1440
-1430
-1429
-1431
-1427
-1430
-1421
-1417
-1410
-1409
-1403
-1395
-1399
-1390
-1390
-1380
-1385
-1393
-1396
-1405
-1400
-1402
-1396
-1394
-1399
-1399
-1409
-1408
-1412
-1411
-1413
-1424
-1422
-1424
-1421
-1425
-1425
-1426
-1434
-1437
-1442
-1442
-1446
-1435
-1436
-1441
-1439
-1445
-1438
-1438
-2048
-2048
-2048
-2048
-1989
-1630
-1487
-1428
-1395
-1388
-1388
-1383
-1388
-1378
-1385
-1383
-1386
-1396
-1396
-1405
-1403
-1414
-1410
-1419
-1428
-1429
-1436
-1429
-1434
-1427
-1431
-1434
-1428
-1430
-1424
-1424
-1416
-1411
-1418
-1411
-1409
-1400
-1400
-1396
-1392
-1399
-1399
-1402
-1396
-1399
-1401
-1408
-1413
-1415
-1417
-1416
-1420
-1414
-1417
-1420
-1417
-1422
-1416
-1418
-1414
-1420
-1430
-1430
-1441
-1439
-1446
-1448
-1448
-1458
-1452
-1457
-1450
-1447
-1439
-1439
-1440
-1435
-1436
-1426
-1427
-1423
-1419
-1423
-1424
-1421
-1418
-1419
-1413
-1418
-1419
-1420
-1422
-1418
-1419
-1417
-1416
-1419
-1413
-1418
-1410
-1412
-1405
-1404
-1406
-1405
-1407
-1408
-1415
-1411
-1419
-1430
-1432
-1440
-1440
-1447
-2048
-2048
-2048
-2048
-1965
-1605
-1465
-1408
-1392
-1382
-1375
-1378
-1369
-1383
-1371
-1383
-1372
-1375
-1369
-1370
-1380
-1373
-1383
-1382
-1391
-1389
-1389
-1387
-1395
-1390
-1392
-1388
-1393
-1401
-1398
-1402
-1399
-1406
-1392
-1400
-1397
-1399
-1399
-1399
-1398
-1396
-1405
-1403
-1409
-1407
-1413
-1406
-1416
-1403
-1415
-1404
-1409
-1405
-1404
-1410
-1406
-1413
-1404
-1410
-1401
-1405
-1398
-1401
-1394
-1393
-1389
-1394
-1398
-1404
-1400
-1398
-1408
-1398
-1403
-1394
-1401
-1398
-1395
-1399
-1397
-1404
-1396
-1396
-1395
-1393
-1390
-1391
-1386
-1383
-1384
-1385
-1389
-1385
-1391
-1385
-1394
-1387
-1391
-1384
-1391
-1387
-1383
-1397
-1396
-1401
-1402
-1402
-1401
-1405
-1396
-1399
-1390
-1394
-1401
-1395
-2048
-2048
-2048
-2048
-2016
-1641
-1483
-1424
-1398
-1393
-1394
-1395
-1398
-1394
-1398
-1394
-1395
-1404
-1402
-1407
-1406
-1410
-1404
-1407
-1418
-1414
-1419
-1416
-1418
-1415
-1418
-1414
-1408
-1413
-1411
-1408
-1404
-1404
-1398
-1400
-1403
-1402
-1402
-1402
-1402
-1397
-1399
-1404
-1404
-1405
-1401
-1406
-1401
-1404
-1408
-1406
-1410
-1403
-1404
-1398
-1402
-1407
-1405
-1413
-1408
-1411
-1413
-1410
-1409
-1408
-1415
-1416
-1417
-1417
-1417
-1411
-1417
-1425
-1420
-1423
-1418
-1421
-1416
-1417
-1419
-1423
-1426
-1420
-1422
-1418
-1421
-1426
-1425
-1427
-1420
-1423
-1416
-1418
-1420
-1421
-1424
-1419
-1425
-1420
-1418
-1415
-1413
-1420
-1417
-1420
-1418
-1417
-1419
-1419
-1422
-1417
-1425
-1419
-1423
-1421
-2048
-2048
-2048
-2048
-1941
-1597
-1468
-1412
-1392
-1392
-1390
-1397
-1394
-1399
-1401
-1405
-1420
-1422
-1427
-1430
-1438
-1437
-1442
-1447
-1444
-1446
-1439
-1442
-1435
-1431
-1439
-1429
-1431
-1421
-1422
-1411
-1409
-1414
-1410
-1412
-1410
-1411
-1407
-1407
-1416
-1417
-1425
-1417
-1423
-1420
-1419
-1423
-1422
-1423
-1418
-1420
-1420
-1422
-1431
-1431
-1439
-1438
-1444
-1443
-1447
-1456
-1455
-1462
-1460
-1462
-1453
-1455
-1455
-1453
-1455
-1443
-1441
-1431
-1428
-1430
-1424
-1423
-1412
-1414
-1403
-1404
-1406
-1405
-1405
-1399
-1404
-1401
-1407
-1417
-1414
-1423
-1416
-1424
-1426
-1433
-1438
-1443
-1450
-1449
-1456
-1455
-1456
-1465
-1464
-1463
-1458
-1462
-1450
-1447
-1450
-1441
-1439
-1425
-1422
-1414
-2048
-2048
-2048
-2048
-1991
-1636
-1496
-1439
-1399
-1398
-1389
-1384
-1378
-1386
-1383
-1394
-1402
-1413
-1426
-1433
-1449
-1453
-1466
-1467
-1472
-1459
-1457
-1444
-1435
-1425
-1408
-1403
-1383
-1381
-1373
-1376
-1372
-1378
-1380
-1389
-1390
-1399
-1412
-1408
-1419
-1410
-1409
-1403
-1401
-1394
-1399
-1397
-1399
-1406
-1407
-1419
-1423
-1431
-1439
-1450
-1450
-1458
-1455
-1452
-1444
-1436
-1428
-1412
-1407
-1386
-1380
-1368
-1369
-1362
-1368
-1368
-1378
-1394
-1404
-1415
-1416
-1423
-1424
-1426
-1418
-1420
-1418
-1413
-1419
-1419
-1426
-1424
-1430
-1436
-1447
-1445
-1457
-1457
-1460
-1468
-1468
-1465
-1457
-1448
-1431
-1418
-1405
-1389
-1377
-1367
-1373
-1371
-1380
-1385
-1393
-1395
-1406
-1400
-1412
-1403
-2048
-2048
-2048
-2048
-1989
-1624
-1480
-1416
-1392
-1373
-1376
-1379
-1378
-1378
-1373
-1379
-1376
-1376
-1383
-1386
-1390
-1389
-1387
-1384
-1385
-1387
-1389
-1392
-1390
-1394
-1391
-1390
-1395
-1390
-1394
-1386
-1395
-1390
-1394
-1395
-1394
-1400
-1396
-1395
-1392
-1393
-1401
-1398
-1406
-1402
-1405
-1402
-1401
-1404
-1398
-1401
-1393
-1398
-1391
-1390
-1396
-1390
-1389
-1384
-1383
-1380
-1379
-1382
-1382
-1382
-1382
-1387
-1381
-1386
-1395
-1395
-1402
-1399
-1406
-1402
-1409
-1416
-1419
-1423
-1418
-1422
-1414
-1418
-1417
-1413
-1414
-1408
-1408
-1398
-1394
-1396
-1397
-1398
-1393
-1398
-1391
-1394
-1391
-1388
-1399
-1389
-1393
-1388
-1392
-1397
-1398
-1404
-1404
-1415
-1411
-1416
-1415
-1415
-1420
-1417
-2048
-2048
-2048
-2048
-1985
-1639
-1494
-1445
-1416
-1408
-1402
-1406
-1400
-1407
-1408
-1409
-1421
-1427
-1433
-1435
-1448
-1442
-1448
-1450
-1451
-1444
-1448
-1450
-1445
-1446
-1438
-1435
-1423
-1421
-1413
-1415
-1406
-1412
-1417
-1415
-1419
-1418
-1426
-1419
-1424
-1413
-1410
-1415
-1413
-1416
-1413
-1419
-1414
-1418
-1420
-1428
-1429
-1434
-1444
-1448
-1454
-1455
-1458
-1457
-1461
-1455
-1454
-1446
-1445
-1448
-1437
-1439
-1431
-1432
-1423
-1427
-1417
-1422
-1423
-1421
-1421
-1424
-1422
-1415
-1416
-1411
-1410
-1406
-1404
-1417
-1414
-1420
-1415
-1424
-1425
-1435
-1426
-1434
-1445
-1449
-1451
-1447
-1452
-1445
-1444
-1433
-1429
-1426
-1420
-1422
-1418
-1419
-1408
-1413
-1404
-1408
-1412
-1413
-1419
-1420
-2048
-2048
-2048
-2048
-1994
-1617
-1470
-1413
-1390
-1386
-1381
-1383
-1378
-1381
-1374
-1378
-1382
-1382
-1389
-1383
-1390
-1384
-1390
-1385
-1386
-1387
-1387
-1397
-1391
-1395
-1385
-1392
-1386
-1394
-1389
-1389
-1395
-1396
-1401
-1392
-1395
-1389
-1393
-1400
-1400
-1409
-1405
-1410
-1405
-1407
-1404
-1405
-1404
-1402
-1407
-1406
-1405
-1400
-1404
-1396
-1397
-1391
-1391
-1393
-1396
-1398
-1391
-1390
-1387
-1393
-1394
-1400
-1403
-1397
-1404
-1398
-1403
-1395
-1394
-1401
-1397
-1402
-1397
-1401
-1395
-1395
-1392
-1391
-1397
-1394
-1397
-1392
-1392
-1385
-1389
-1380
-1386
-1388
-1387
-1391
-1385
-1395
-1388
-1391
-1387
-1385
-1399
-1395
-1402
-1401
-1401
-1399
-1397
-1405
-1403
-1405
-1401
-1398
-1397
-1397
-2048
-2048
-2048
-2048
-1972
-1606
-1456
-1396
-1371
-1359
-1363
-1356
-1361
-1364
-1354
-1362
-1365
-1369
-1369
-1367
-1371
-1368
-1371
-1370
-1372
-1378
-1372
-1380
-1371
-1375
-1374
-1377
-1387
-1383
-1383
-1381
-1380
-1383
-1384
-1387
-1384
-1387
-1384
-1384
-1387
-1386
-1395
-1393
-1397
-1392
-1398
-1394
-1395
-1398
-1397
-1401
-1396
-1396
-1393
-1394
-1397
-1397
-1400
-1395
-1395
-1393
-1394
-1395
-1392
-1396
-1390
-1393
-1390
-1390
-1394
-1391
-1395
-1390
-1392
-1391
-1391
-1399
-1396
-1399
-1395
-1396
-1394
-1397
-1404
-1404
-1412
-1404
-1406
-1400
-1399
-1405
-1404
-1404
-1404
-1405
-1397
-1398
-1400
-1396
-1402
-1397
-1395
-1391
-1391
-1394
-1395
-1391
-1392
-1389
-1389
-1391
-1396
-1394
-1400
-1395
