-2048
-2048
-2048
-2048
-2048
-2048
-2048
-1942
-1564
-1422
-1351
-1331
-1327
-1319
-1325
-1321
-1332
-1324
-1332
-1339
-1337
-1344
-1339
-1342
-1343
-1344
-1354
-1353
-1354
-1350
-1350
-1359
-1357
-1365
-1357
-1358
-1353
-1357
-1366
-1360
-1360
-1358
-1361
-1358
-1360
-1362
-1359
-1371
-1366
-1371
-1374
-1369
-1376
-1375
-1373
-1372
-1370
-1376
-1371
-1375
-1370
-1370
-1363
-1368
-1369
-1366
-1371
-1365
-1367
-1369
-1368
-1371
-1367
-1371
-1369
-1369
-1373
-1373
-1377
-1373
-1380
-1379
-1385
-1393
-1390
-1398
-1392
-1390
-1381
-1383
-1384
-1382
-1377
-1376
-1380
-1383
-1385
-1391
-1388
-1391
-1387
-1384
-1390
-1382
-1386
-1374
-1374
-1363
-1368
-1374
-1372
-1375
-1367
-1373
-1369
-1369
-1374
-1374
-1378
-1373
-1375
-1379
-1376
-2048
-2048
-2048
-2048
-1937
-1548
-1399
-1333
-1307
-1283
-1278
-1280
-1278
-1283
-1282
-1282
-1282
-1293
-1310
-1311
-1322
-1321
-1340
-1345
-1350
-1362
-1373
-1382
-1380
-1389
-1404
-1409
-1428
-1429
-1438
-1443
-1458
-1471
-1475
-1493
-1490
-1497
-1497
-1497
-1512
-1514
-1519
-1515
-1520
-1519
-1517
-1519
-1510
-1506
-1499
-1493
-1491
-1488
-1493
-1489
-1489
-1481
-1480
-1478
-1474
-1473
-1466
-1462
-1453
-1445
-1447
-1443
-1442
-1440
-1433
-1430
-1429
-1433
-1428
-1432
-1431
-1435
-1442
-1439
-1448
-1447
-1455
-1452
-1461
-1463
-1461
-1468
-1463
-1473
-1471
-1479
-1492
-1493
-1497
-1496
-1500
-1508
-1511
-1525
-1523
-1533
-1535
-1533
-1535
-1532
-1537
-1538
-1540
-1536
-1531
-1535
-1523
-1515
-1505
-1503
-2048
-2048
-2048
-2048
-1888
-1540
-1398
-1345
-1329
-1322
-1323
-1314
-1313
-1308
-1314
-1322
-1316
-1323
-1315
-1316
-1315
-1313
-1323
-1323
-1332
-1327
-1330
-1335
-1332
-1337
-1336
-1337
-1335
-1331
-1333
-1332
-1342
-1337
-1343
-1338
-1338
-1340
-1334
-1338
-1335
-1340
-1339
-1337
-1343
-1343
-1345
-1346
-1350
-1358
-1354
-1347
-1340
-1340
-1332
-1338
-1353
-1360
-1367
-1360
-1364
-1356
-1360
-1359
-1349
-1345
-1334
-1339
-1347
-1352
-1360
-1360
-1356
-1346
-1338
-1342
-1337
-1340
-1336
-1336
-1327
-1330
-1344
-1348
-1353
-1349
-1348
-1338
-1337
-1342
-1341
-1353
-1353
-1355
-1360
-1359
-1362
-1358
-1362
-1348
-1346
-1347
-1342
-1345
-1348
-1356
-1359
-1361
-1365
-1362
-1360
-1353
-1351
-1345
-1344
-1347
-2048
-2048
-2048
-2048
-1954
-1575
-1432
-1366
-1347
-1330
-1332
-1339
-1335
-1336
-1337
-1336
-1333
-1336
-1341
-1338
-1344
-1338
-1340
-1332
-1334
-1337
-1338
-1347
-1344
-1344
-1350
-1349
-1354
-1353
-1351
-1349
-1352
-1357
-1357
-1361
-1358
-1358
-1357
-1358
-1362
-1355
-1360
-1352
-1354
-1352
-1357
-1363
-1360
-1360
-1354
-1360
-1367
-1364
-1367
-1365
-1366
-1359
-1366
-1374
-1370
-1370
-1366
-1370
-1363
-1368
-1371
-1367
-1374
-1364
-1365
-1362
-1359
-1360
-1356
-1358
-1349
-1354
-1355
-1353
-1355
-1348
-1350
-1347
-1347
-1354
-1350
-1358
-1357
-1356
-1353
-1357
-1364
-1358
-1361
-1359
-1361
-1362
-1360
-1364
-1361
-1362
-1363
-1363
-1373
-1363
-1366
-1358
-1360
-1356
-1359
-1362
-1363
-1366
-1366
-1366
-2048
-2048
-2048
-2048
-1877
-1544
-1406
-1355
-1335
-1323
-1327
-1321
-1323
-1320
-1320
-1328
-1326
-1330
-1327
-1325
-1327
-1329
-1332
-1331
-1332
-1327
-1329
-1328
-1331
-1331
-1329
-1330
-1326
-1326
-1335
-1333
-1337
-1333
-1336
-1335
-1335
-1340
-1338
-1343
-1334
-1338
-1345
-1347
-1349
-1346
-1352
-1346
-1351
-1353
-1355
-1355
-1345
-1345
-1341
-1344
-1348
-1348
-1353
-1349
-1350
-1352
-1353
-1359
-1352
-1357
-1355
-1356
-1360
-1362
-1374
-1362
-1363
-1358
-1362
-1367
-1360
-1363
-1363
-1365
-1358
-1357
-1367
-1360
-1356
-1352
-1358
-1357
-1350
-1352
-1353
-1352
-1343
-1340
-1356
-1366
-1361
-1362
-1372
-1368
-1365
-1371
-1371
-1375
-1363
-1363
-1367
-1371
-1369
-1363
-1373
-1371
-1373
-1359
-1354
-1358
-2048
-2048
-2048
-2048
-1951
-1579
-1440
-1390
-1366
-1359
-1362
-1373
-1370
-1378
-1384
-1390
-1393
-1399
-1393
-1361
-1360
-1333
-1307
-1319
-1327
-1326
-1331
-1357
-1367
-1379
-1402
-1409
-1414
-1407
-1404
-1380
-1365
-1358
-1341
-1323
-1317
-1332
-1327
-1335
-1357
-1364
-1369
-1367
-1371
-1376
-1375
-1382
-1382
-1382
-1385
-1399
-1402
-1407
-1412
-1418
-1417
-1412
-1406
-1392
-1354
-1355
-1321
-1295
-1303
-1313
-1313
-1328
-1358
-1363
-1377
-1397
-1401
-1406
-1394
-1391
-1380
-1355
-1354
-1345
-1336
-1326
-1340
-1347
-1346
-1366
-1375
-1372
-1366
-1371
-1370
-1366
-1372
-1380
-1381
-1377
-1391
-1401
-1398
-1407
-1415
-1415
-1404
-1408
-1396
-1356
-1343
-1334
-1304
-1296
-1321
-1326
-1326
-1356
-1374
-1375
-2048
-2048
-2048
-2048
-1902
-1585
-1467
-1422
-1402
-1389
-1381
-1378
-1361
-1359
-1345
-1345
-1339
-1340
-1347
-1349
-1355
-1356
-1369
-1377
-1387
-1400
-1400
-1413
-1416
-1420
-1427
-1424
-1425
-1421
-1420
-1413
-1407
-1398
-1376
-1373
-1348
-1347
-1341
-1331
-1347
-1347
-1351
-1358
-1366
-1379
-1387
-1399
-1405
-1403
-1398
-1392
-1394
-1379
-1372
-1360
-1354
-1346
-1345
-1347
-1344
-1355
-1354
-1359
-1361
-1368
-1381
-1387
-1401
-1410
-1418
-1429
-1428
-1432
-1433
-1441
-1432
-1434
-1429
-1408
-1400
-1383
-1373
-1364
-1349
-1353
-1352
-1359
-1356
-1364
-1373
-1383
-1396
-1397
-1401
-1399
-1397
-1398
-1389
-1386
-1374
-1369
-1361
-1355
-1358
-1353
-1354
-1354
-1358
-1360
-1364
-1378
-1378
-1387
-1391
-1402
-2048
-2048
-2048
-2048
-1859
-1532
-1399
-1348
-1328
-1315
-1310
-1306
-1305
-1299
-1299
-1304
-1302
-1314
-1319
-1333
-1335
-1339
-1342
-1337
-1339
-1333
-1336
-1342
-1344
-1349
-1351
-1351
-1342
-1342
-1338
-1338
-1343
-1328
-1330
-1323
-1323
-1330
-1334
-1337
-1343
-1348
-1339
-1341
-1344
-1333
-1337
-1333
-1334
-1331
-1326
-1332
-1328
-1334
-1335
-1347
-1355
-1360
-1366
-1360
-1357
-1343
-1337
-1335
-1331
-1331
-1326
-1331
-1323
-1324
-1330
-1329
-1337
-1337
-1344
-1342
-1340
-1339
-1331
-1330
-1324
-1330
-1333
-1337
-1341
-1344
-1344
-1340
-1335
-1340
-1335
-1338
-1333
-1337
-1322
-1321
-1325
-1318
-1325
-1322
-1326
-1322
-1329
-1338
-1335
-1339
-1332
-1330
-1332
-1327
-1329
-1320
-1331
-1328
-1322
-1335
-2048
-2048
-2048
-2048
-1876
-1531
-1405
-1375
-1359
-1345
-1337
-1356
-1358
-1341
-1339
-1343
-1350
-1333
-1329
-1342
-1349
-1343
-1338
-1344
-1348
-1343
-1336
-1339
-1351
-1341
-1336
-1330
-1334
-1341
-1336
-1339
-1340
-1341
-1337
-1336
-1346
-1345
-1346
-1343
-1349
-1353
-1355
-1355
-1364
-1367
-1364
-1360
-1362
-1365
-1366
-1360
-1355
-1355
-1358
-1365
-1357
-1362
-1352
-1351
-1332
-1331
-1338
-1337
-1334
-1325
-1328
-1325
-1329
-1330
-1325
-1330
-1328
-1332
-1333
-1328
-1332
-1329
-1327
-1328
-1331
-1341
-1339
-1346
-1344
-1354
-1352
-1347
-1354
-1360
-1366
-1359
-1362
-1365
-1372
-1376
-1376
-1383
-1379
-1374
-1366
-1362
-1362
-1353
-1347
-1336
-1334
-1334
-1328
-1335
-1333
-1340
-1339
-1345
-1358
-1357
-2048
-2048
-2048
-2048
-1911
-1571
-1435
-1388
-1375
-1374
-1378
-1375
-1384
-1382
-1381
-1390
-1384
-1375
-1341
-1329
-1311
-1299
-1298
-1278
-1280
-1284
-1294
-1307
-1314
-1324
-1335
-1356
-1362
-1372
-1378
-1374
-1381
-1367
-1354
-1336
-1325
-1323
-1321
-1316
-1310
-1314
-1321
-1325
-1334
-1332
-1342
-1346
-1357
-1370
-1372
-1384
-1385
-1395
-1391
-1390
-1398
-1395
-1400
-1386
-1367
-1344
-1329
-1318
-1311
-1305
-1301
-1305
-1314
-1323
-1336
-1336
-1356
-1359
-1376
-1389
-1386
-1384
-1378
-1379
-1361
-1347
-1345
-1331
-1333
-1327
-1322
-1320
-1322
-1331
-1333
-1343
-1345
-1356
-1370
-1380
-1394
-1397
-1400
-1408
-1412
-1415
-1415
-1417
-1410
-1402
-1380
-1360
-1354
-1329
-1324
-1312
-1296
-1297
-1293
-1307
-2048
-2048
-2048
-2048
-1909
-1578
-1440
-1361
-1314
-1267
-1241
-1230
-1227
-1231
-1243
-1262
-1278
-1302
-1320
-1348
-1357
-1359
-1358
-1348
-1343
-1321
-1306
-1277
-1254
-1249
-1249
-1269
-1278
-1299
-1307
-1319
-1330
-1338
-1347
-1342
-1344
-1343
-1340
-1347
-1348
-1356
-1356
-1362
-1366
-1370
-1380
-1381
-1382
-1370
-1345
-1322
-1289
-1272
-1259
-1261
-1261
-1271
-1287
-1299
-1318
-1332
-1350
-1360
-1359
-1358
-1348
-1340
-1323
-1310
-1301
-1280
-1276
-1271
-1284
-1290
-1304
-1320
-1324
-1330
-1329
-1329
-1325
-1322
-1329
-1325
-1332
-1331
-1336
-1337
-1337
-1347
-1347
-1352
-1355
-1352
-1355
-1343
-1327
-1304
-1288
-1275
-1274
-1286
-1293
-1303
-1308
-1323
-1325
-1338
-1347
-1348
-1347
-1337
-1329
-1329
-2048
-2048
-2048
-2048
-1926
-1557
-1417
-1350
-1338
-1317
-1318
-1310
-1311
-1319
-1319
-1323
-1318
-1320
-1318
-1319
-1321
-1315
-1322
-1322
-1324
-1322
-1322
-1324
-1323
-1328
-1324
-1327
-1336
-1334
-1342
-1335
-1338
-1336
-1344
-1349
-1345
-1349
-1343
-1350
-1352
-1351
-1353
-1344
-1343
-1336
-1336
-1342
-1341
-1338
-1336
-1342
-1335
-1336
-1344
-1337
-1339
-1335
-1343
-1335
-1341
-1342
-1343
-1347
-1347
-1350
-1352
-1355
-1356
-1354
-1355
-1354
-1353
-1355
-1347
-1351
-1344
-1348
-1335
-1335
-1342
-1344
-1339
-1336
-1336
-1339
-1335
-1340
-1340
-1353
-1343
-1343
-1345
-1349
-1353
-1344
-1350
-1349
-1350
-1360
-1352
-1362
-1356
-1357
-1349
-1348
-1357
-1352
-1347
-1341
-1349
-1346
-1346
-1357
-1358
-1358
-2048
-2048
-2048
-2048
-1918
-1582
-1444
-1389
-1357
-1341
-1336
-1331
-1337
-1331
-1344
-1344
-1346
-1357
-1359
-1366
-1365
-1370
-1372
-1378
-1392
-1394
-1409
-1413
-1426
-1427
-1421
-1422
-1404
-1397
-1380
-1367
-1361
-1349
-1342
-1332
-1335
-1337
-1345
-1365
-1375
-1385
-1392
-1399
-1393
-1390
-1390
-1381
-1376
-1366
-1363
-1366
-1365
-1372
-1370
-1373
-1369
-1371
-1383
-1382
-1394
-1393
-1404
-1410
-1417
-1430
-1431
-1430
-1418
-1408
-1394
-1382
-1375
-1353
-1341
-1331
-1326
-1330
-1334
-1345
-1350
-1367
-1377
-1386
-1398
-1398
-1402
-1390
-1382
-1369
-1358
-1353
-1345
-1340
-1337
-1341
-1347
-1349
-1357
-1357
-1365
-1366
-1376
-1388
-1397
-1411
-1418
-1430
-1430
-1426
-1415
-1404
-1394
-1376
-1366
-1349
-2048
-2048
-2048
-2048
-1951
-1590
-1445
-1377
-1345
-1331
-1311
-1305
-1300
-1312
-1326
-1324
-1331
-1329
-1336
-1336
-1349
-1358
-1367
-1381
-1383
-1391
-1395
-1396
-1384
-1358
-1328
-1298
-1287
-1280
-1280
-1297
-1303
-1318
-1329
-1351
-1363
-1372
-1378
-1373
-1367
-1355
-1348
-1339
-1327
-1334
-1332
-1343
-1341
-1343
-1344
-1344
-1351
-1359
-1370
-1373
-1380
-1397
-1405
-1417
-1418
-1409
-1383
-1355
-1333
-1309
-1309
-1301
-1305
-1310
-1324
-1340
-1356
-1375
-1382
-1387
-1387
-1381
-1375
-1363
-1355
-1338
-1332
-1336
-1334
-1343
-1340
-1338
-1341
-1342
-1356
-1363
-1376
-1388
-1396
-1409
-1417
-1429
-1423
-1410
-1377
-1350
-1335
-1321
-1323
-1324
-1332
-1331
-1334
-1352
-1365
-1375
-1372
-1369
-1354
-1344
-2048
-2048
-2048
-2048
-1924
-1577
-1430
-1369
-1351
-1340
-1335
-1323
-1321
-1316
-1313
-1321
-1316
-1314
-1308
-1310
-1313
-1314
-1319
-1317
-1325
-1319
-1326
-1333
-1336
-1345
-1340
-1347
-1342
-1347
-1349
-1345
-1343
-1334
-1336
-1328
-1328
-1333
-1333
-1337
-1338
-1346
-1352
-1354
-1365
-1364
-1368
-1370
-1374
-1384
-1380
-1381
-1382
-1380
-1372
-1367
-1369
-1358
-1351
-1346
-1344
-1343
-1343
-1341
-1339
-1344
-1345
-1352
-1362
-1367
-1374
-1372
-1379
-1374
-1370
-1368
-1360
-1358
-1348
-1346
-1339
-1341
-1349
-1348
-1354
-1361
-1371
-1380
-1384
-1393
-1397
-1401
-1394
-1393
-1397
-1390
-1390
-1382
-1381
-1369
-1368
-1369
-1357
-1357
-1341
-1340
-1336
-1333
-1337
-1333
-1336
-1330
-1335
-1344
-1355
-1365
-2048
-2048
-2048
-2048
-1960
-1598
-1452
-1397
-1386
-1378
-1383
-1378
-1381
-1383
-1379
-1375
-1362
-1352
-1340
-1334
-1332
-1324
-1331
-1326
-1333
-1332
-1342
-1356
-1357
-1366
-1365
-1368
-1369
-1368
-1369
-1356
-1360
-1348
-1347
-1341
-1336
-1340
-1336
-1339
-1331
-1330
-1337
-1335
-1342
-1344
-1354
-1352
-1357
-1372
-1374
-1378
-1372
-1375
-1371
-1368
-1373
-1370
-1370
-1355
-1350
-1347
-1342
-1339
-1335
-1334
-1337
-1341
-1352
-1348
-1360
-1359
-1368
-1367
-1370
-1378
-1380
-1378
-1373
-1372
-1371
-1361
-1363
-1357
-1359
-1353
-1358
-1358
-1359
-1367
-1367
-1375
-1371
-1381
-1387
-1391
-1395
-1394
-1398
-1393
-1394
-1398
-1390
-1389
-1383
-1383
-1381
-1373
-1372
-1359
-1357
-1345
-1343
-1347
-1349
-1355
-2048
-2048
-2048
-2048
-1960
-1573
-1430
-1365
-1347
-1332
-1329
-1323
-1327
-1336
-1326
-1334
-1339
-1337
-1335
-1336
-1342
-1341
-1347
-1338
-1345
-1339
-1336
-1347
-1344
-1350
-1346
-1350
-1336
-1344
-1352
-1347
-1349
-1343
-1345
-1343
-1343
-1345
-1343
-1339
-1339
-1343
-1345
-1347
-1353
-1348
-1351
-1349
-1349
-1354
-1355
-1351
-1351
-1354
-1344
-1349
-1355
-1349
-1352
-1347
-1347
-1338
-1339
-1347
-1343
-1345
-1340
-1342
-1346
-1347
-1352
-1344
-1345
-1342
-1349
-1353
-1348
-1353
-1345
-1354
-1347
-1342
-1342
-1339
-1341
-1336
-1334
-1335
-1333
-1342
-1331
-1336
-1328
-1337
-1342
-1342
-1346
-1345
-1348
-1343
-1346
-1352
-1354
-1358
-1351
-1357
-1355
-1359
-1362
-1359
-1366
-1356
-1358
-1354
-1352
-1355
-2048
-2048
-2048
-2048
-1899
-1562
-1421
-1356
-1322
-1311
-1297
-1296
-1286
-1279
-1293
-1298
-1309
-1309
-1310
-1316
-1319
-1327
-1323
-1328
-1342
-1346
-1355
-1356
-1364
-1364
-1369
-1378
-1379
-1389
-1389
-1393
-1393
-1374
-1341
-1312
-1314
-1298
-1294
-1297
-1310
-1331
-1345
-1350
-1346
-1354
-1362
-1361
-1353
-1345
-1339
-1322
-1314
-1306
-1301
-1303
-1307
-1318
-1325
-1325
-1335
-1336
-1340
-1337
-1337
-1347
-1349
-1354
-1351
-1355
-1347
-1355
-1368
-1365
-1373
-1373
-1377
-1377
-1362
-1339
-1315
-1315
-1301
-1295
-1298
-1312
-1330
-1341
-1350
-1353
-1365
-1381
-1383
-1384
-1375
-1370
-1353
-1341
-1329
-1320
-1318
-1314
-1321
-1325
-1330
-1343
-1344
-1353
-1343
-1352
-1361
-1359
-1370
-1359
-1366
-1361
-2048
-2048
-2048
-2048
-1938
-1571
-1427
-1372
-1349
-1340
-1329
-1329
-1336
-1332
-1340
-1338
-1339
-1335
-1339
-1345
-1347
-1351
-1346
-1351
-1350
-1352
-1358
-1351
-1351
-1350
-1355
-1358
-1357
-1361
-1361
-1358
-1356
-1356
-1361
-1366
-1366
-1364
-1363
-1359
-1362
-1369
-1364
-1366
-1364
-1367
-1370
-1370
-1369
-1360
-1359
-1351
-1347
-1352
-1344
-1351
-1341
-1343
-1336
-1334
-1336
-1334
-1340
-1333
-1335
-1338
-1338
-1340
-1336
-1344
-1339
-1343
-1346
-1347
-1351
-1349
-1352
-1346
-1345
-1348
-1346
-1350
-1351
-1352
-1349
-1352
-1363
-1361
-1370
-1364
-1366
-1369
-1366
-1370
-1369
-1372
-1365
-1364
-1371
-1370
-1375
-1370
-1370
-1364
-1366
-1368
-1361
-1359
-1354
-1359
-1351
-1350
-1355
-1350
-1351
-1347
-2048
-2048
-2048
-2048
-1915
-1560
-1417
-1364
-1349
-1331
-1330
-1317
-1319
-1321
-1323
-1322
-1324
-1328
-1319
-1323
-1334
-1337
-1341
-1346
-1353
-1356
-1347
-1362
-1358
-1362
-1352
-1350
-1352
-1352
-1352
-1343
-1348
-1344
-1343
-1348
-1346
-1352
-1349
-1354
-1344
-1345
-1357
-1353
-1350
-1346
-1351
-1347
-1344
-1347
-1348
-1353
-1346
-1349
-1348
-1354
-1355
-1344
-1348
-1340
-1345
-1348
-1346
-1343
-1343
-1339
-1334
-1337
-1345
-1347
-1344
-1342
-1346
-1353
-1349
-1356
-1351
-1354
-1350
-1354
-1359
-1358
-1364
-1357
-1360
-1359
-1359
-1364
-1366
-1367
-1361
-1362
-1357
-1361
-1363
-1357
-1362
-1352
-1350
-1349
-1347
-1355
-1347
-1349
-1345
-1344
-1349
-1345
-1348
-1345
-1350
-1343
-1343
-1346
-1350
-1355
-2048
-2048
-2048
-2048
-1966
-1597
-1451
-1390
-1373
-1361
-1361
-1352
-1354
-1355
-1351
-1352
-1346
-1351
-1345
-1345
-1354
-1352
-1360
-1359
-1367
-1370
-1374
-1383
-1382
-1387
-1380
-1387
-1385
-1386
-1384
-1376
-1379
-1370
-1369
-1368
-1365
-1365
-1359
-1356
-1350
-1349
-1351
-1346
-1345
-1341
-1345
-1339
-1345
-1351
-1351
-1360
-1363
-1359
-1368
-1364
-1367
-1362
-1370
-1362
-1361
-1368
-1365
-1367
-1364
-1372
-1369
-1377
-1384
-1385
-1393
-1389
-1394
-1396
-1396
-1400
-1396
-1399
-1395
-1396
-1401
-1395
-1397
-1390
-1394
-1390
-1387
-1392
-1386
-1393
-1387
-1386
-1381
-1375
-1375
-1376
-1370
-1365
-1369
-1370
-1367
-1372
-1366
-1367
-1368
-1366
-1368
-1365
-1369
-1365
-1371
-1365
-1370
-1384
-1380
-1384
-2048
-2048
-2048
-2048
-1922
-1576
-1438
-1393
-1373
-1380
-1380
-1394
-1404
-1408
-1417
-1409
-1416
-1416
-1418
-1405
-1363
-1346
-1336
-1343
-1348
-1357
-1384
-1398
-1407
-1398
-1392
-1386
-1381
-1379
-1374
-1373
-1373
-1380
-1388
-1385
-1383
-1378
-1382
-1380
-1374
-1375
-1371
-1381
-1374
-1375
-1376
-1384
-1396
-1397
-1406
-1409
-1413
-1417
-1414
-1421
-1421
-1422
-1402
-1363
-1341
-1326
-1339
-1343
-1356
-1370
-1389
-1405
-1400
-1390
-1376
-1373
-1361
-1360
-1364
-1369
-1378
-1373
-1372
-1376
-1372
-1376
-1368
-1369
-1365
-1370
-1381
-1383
-1387
-1384
-1395
-1397
-1403
-1420
-1428
-1431
-1430
-1429
-1435
-1433
-1439
-1413
-1370
-1335
-1330
-1345
-1357
-1372
-1386
-1410
-1404
-1398
-1385
-1369
-1363
-1353
-2048
-2048
-2048
-2048
-1918
-1577
-1434
-1389
-1373
-1372
-1373
-1366
-1377
-1380
-1391
-1390
-1396
-1411
-1401
-1362
-1320
-1319
-1313
-1296
-1313
-1345
-1371
-1372
-1372
-1367
-1371
-1371
-1357
-1355
-1360
-1367
-1356
-1343
-1348
-1358
-1360
-1342
-1343
-1360
-1361
-1365
-1362
-1370
-1381
-1390
-1390
-1394
-1400
-1402
-1406
-1409
-1419
-1429
-1429
-1416
-1380
-1365
-1356
-1341
-1335
-1349
-1376
-1373
-1376
-1373
-1376
-1380
-1371
-1358
-1362
-1368
-1363
-1346
-1340
-1338
-1339
-1334
-1335
-1345
-1349
-1354
-1355
-1357
-1360
-1370
-1380
-1377
-1383
-1379
-1387
-1399
-1402
-1413
-1412
-1414
-1404
-1382
-1363
-1351
-1337
-1324
-1337
-1339
-1344
-1352
-1351
-1361
-1360
-1362
-1365
-1369
-1380
-1370
-1366
-1361
-2048
-2048
-2048
-2048
-1909
-1561
-1427
-1383
-1359
-1354
-1348
-1348
-1346
-1347
-1344
-1335
-1332
-1321
-1314
-1313
-1312
-1310
-1301
-1302
-1300
-1304
-1317
-1317
-1326
-1331
-1340
-1340
-1345
-1355
-1346
-1345
-1334
-1333
-1330
-1328
-1326
-1321
-1326
-1322
-1328
-1335
-1340
-1350
-1345
-1353
-1347
-1350
-1356
-1358
-1360
-1355
-1358
-1355
-1356
-1358
-1348
-1346
-1338
-1335
-1329
-1332
-1328
-1320
-1320
-1314
-1318
-1328
-1330
-1341
-1345
-1346
-1349
-1352
-1357
-1350
-1345
-1336
-1336
-1325
-1319
-1323
-1319
-1324
-1321
-1331
-1338
-1343
-1355
-1354
-1362
-1363
-1370
-1375
-1375
-1377
-1374
-1373
-1368
-1370
-1374
-1372
-1368
-1351
-1345
-1334
-1330
-1325
-1320
-1314
-1310
-1315
-1318
-1319
-1330
-1329
-2048
-2048
-2048
-2048
-1908
-1562
-1428
-1380
-1362
-1352
-1346
-1346
-1345
-1345
-1356
-1354
-1355
-1351
-1355
-1361
-1359
-1363
-1359
-1362
-1360
-1359
-1364
-1360
-1362
-1362
-1364
-1360
-1367
-1370
-1367
-1375
-1369
-1370
-1371
-1370
-1375
-1372
-1374
-1367
-1361
-1366
-1361
-1368
-1359
-1364
-1360
-1362
-1367
-1363
-1364
-1358
-1363
-1360
-1355
-1360
-1361
-1368
-1361
-1363
-1370
-1366
-1371
-1369
-1377
-1373
-1375
-1383
-1385
-1387
-1386
-1389
-1388
-1391
-1398
-1397
-1396
-1392
-1395
-1393
-1390
-1398
-1393
-1395
-1388
-1390
-1387
-1383
-1388
-1377
-1377
-1372
-1370
-1380
-1374
-1379
-1374
-1378
-1373
-1372
-1382
-1381
-1385
-1381
-1378
-1377
-1378
-1380
-1374
-1380
-1373
-1372
-1377
-1373
-1376
-1369
-2048
-2048
-2048
-2048
-1897
-1592
-1468
-1428
-1399
-1391
-1381
-1379
-1373
-1364
-1356
-1346
-1344
-1344
-1348
-1354
-1357
-1369
-1374
-1390
-1406
-1414
-1426
-1424
-1436
-1430
-1434
-1442
-1432
-1429
-1413
-1401
-1387
-1378
-1369
-1354
-1351
-1338
-1334
-1339
-1337
-1345
-1357
-1367
-1371
-1385
-1400
-1405
-1412
-1406
-1406
-1394
-1386
-1390
-1378
-1373
-1364
-1367
-1367
-1370
-1383
-1389
-1399
-1399
-1412
-1428
-1430
-1439
-1436
-1439
-1432
-1430
-1434
-1423
-1419
-1404
-1396
-1381
-1367
-1359
-1355
-1349
-1342
-1346
-1356
-1356
-1375
-1384
-1397
-1405
-1419
-1432
-1436
-1435
-1425
-1421
-1405
-1395
-1388
-1377
-1368
-1358
-1359
-1355
-1361
-1372
-1377
-1391
-1395
-1407
-1420
-1428
-1438
-1437
-1440
-1434
-2048
-2048
-2048
-2048
-1921
-1565
-1434
-1379
-1357
-1355
-1349
-1354
-1344
-1349
-1340
-1343
-1352
-1348
-1351
-1348
-1350
-1347
-1353
-1357
-1355
-1357
-1353
-1359
-1366
-1370
-1370
-1367
-1368
-1363
-1361
-1370
-1373
-1374
-1371
-1372
-1375
-1375
-1382
-1379
-1388
-1378
-1376
-1372
-1373
-1370
-1364
-1368
-1354
-1360
-1364
-1359
-1356
-1351
-1355
-1346
-1351
-1359
-1353
-1356
-1351
-1356
-1349
-1349
-1354
-1351
-1356
-1354
-1364
-1361
-1368
-1371
-1367
-1369
-1362
-1364
-1365
-1363
-1365
-1358
-1359
-1352
-1354
-1361
-1356
-1362
-1358
-1363
-1356
-1360
-1369
-1362
-1364
-1363
-1367
-1373
-1368
-1374
-1369
-1376
-1368
-1369
-1382
-1376
-1378
-1375
-1377
-1374
-1372
-1379
-1373
-1376
-1370
-1370
-1362
-1365
-2048
-2048
-2048
-2048
-1979
-1593
-1443
-1382
-1367
-1354
-1350
-1346
-1348
-1355
-1348
-1354
-1350
-1353
-1355
-1355
-1357
-1353
-1361
-1349
-1352
-1360
-1355
-1358
-1351
-1358
-1354
-1357
-1363
-1362
-1365
-1359
-1357
-1361
-1363
-1365
-1367
-1364
-1361
-1365
-1366
-1366
-1369
-1359
-1358
-1355
-1356
-1358
-1359
-1362
-1351
-1361
-1360
-1358
-1366
-1364
-1370
-1366
-1367
-1369
-1367
-1372
-1370
-1377
-1371
-1373
-1383
-1379
-1388
-1379
-1376
-1370
-1368
-1369
-1368
-1368
-1362
-1361
-1357
-1358
-1361
-1354
-1359
-1352
-1352
-1358
-1359
-1361
-1354
-1362
-1356
-1358
-1364
-1364
-1366
-1364
-1367
-1364
-1362
-1371
-1371
-1372
-1372
-1375
-1370
-1377
-1379
-1379
-1385
-1373
-1379
-1382
-1380
-1383
-1381
-1383
-2048
-2048
-2048
-2048
-1985
-1612
-1455
-1401
-1378
-1375
-1382
-1380
-1384
-1375
-1374
-1363
-1359
-1359
-1355
-1351
-1344
-1343
-1336
-1339
-1347
-1349
-1359
-1360
-1370
-1370
-1376
-1380
-1377
-1381
-1372
-1375
-1376
-1374
-1381
-1371
-1374
-1370
-1369
-1375
-1376
-1378
-1376
-1381
-1381
-1383
-1393
-1390
-1400
-1395
-1401
-1402
-1401
-1403
-1395
-1392
-1381
-1374
-1375
-1370
-1368
-1358
-1360
-1358
-1356
-1367
-1365
-1375
-1375
-1381
-1377
-1380
-1382
-1381
-1383
-1375
-1371
-1368
-1366
-1368
-1363
-1366
-1364
-1361
-1365
-1370
-1373
-1372
-1381
-1379
-1384
-1393
-1391
-1404
-1401
-1404
-1398
-1395
-1391
-1383
-1378
-1363
-1362
-1360
-1348
-1354
-1347
-1355
-1350
-1355
-1364
-1369
-1374
-1377
-1379
-1381
-2048
-2048
-2048
-2048
-1876
-1552
-1427
-1377
-1353
-1345
-1348
-1343
-1343
-1333
-1336
-1329
-1333
-1340
-1337
-1344
-1344
-1348
-1357
-1365
-1376
-1380
-1391
-1387
-1395
-1404
-1404
-1411
-1403
-1400
-1390
-1378
-1375
-1363
-1359
-1350
-1343
-1337
-1333
-1342
-1341
-1347
-1350
-1358
-1369
-1375
-1381
-1380
-1383
-1379
-1380
-1386
-1375
-1376
-1371
-1371
-1365
-1362
-1367
-1370
-1373
-1371
-1376
-1380
-1385
-1397
-1396
-1403
-1409
-1411
-1415
-1418
-1426
-1418
-1417
-1399
-1393
-1391
-1377
-1372
-1361
-1358
-1345
-1342
-1349
-1341
-1347
-1344
-1351
-1361
-1364
-1371
-1368
-1370
-1365
-1366
-1369
-1364
-1367
-1360
-1358
-1349
-1350
-1359
-1358
-1364
-1363
-1370
-1373
-1376
-1393
-1393
-1406
-1404
-1411
-1422
-2048
-2048
-2048
-2048
-1931
-1579
-1450
-1385
-1369
-1360
-1356
-1357
-1350
-1354
-1351
-1356
-1359
-1366
-1371
-1370
-1377
-1377
-1382
-1394
-1394
-1404
-1396
-1397
-1393
-1394
-1397
-1397
-1398
-1392
-1395
-1395
-1393
-1396
-1391
-1392
-1383
-1376
-1376
-1368
-1370
-1364
-1362
-1358
-1359
-1368
-1365
-1374
-1373
-1379
-1379
-1382
-1390
-1387
-1385
-1385
-1385
-1388
-1385
-1388
-1386
-1386
-1382
-1383
-1390
-1388
-1398
-1393
-1402
-1397
-1399
-1408
-1400
-1412
-1403
-1409
-1400
-1399
-1404
-1398
-1400
-1393
-1394
-1394
-1391
-1395
-1381
-1387
-1374
-1375
-1372
-1374
-1370
-1364
-1364
-1364
-1362
-1370
-1376
-1382
-1379
-1384
-1388
-1387
-1393
-1390
-1388
-1382
-1380
-1384
-1383
-1385
-1381
-1381
-1377
-1377
-2048
-2048
-2048
-2048
-1945
-1593
-1453
-1393
-1379
-1368
-1364
-1360
-1357
-1361
-1344
-1349
-1329
-1324
-1316
-1310
-1305
-1306
-1311
-1311
-1314
-1322
-1332
-1348
-1354
-1370
-1372
-1384
-1386
-1377
-1386
-1373
-1370
-1354
-1347
-1348
-1337
-1337
-1337
-1337
-1334
-1343
-1349
-1357
-1369
-1375
-1384
-1393
-1393
-1401
-1403
-1405
-1403
-1402
-1396
-1386
-1376
-1365
-1350
-1334
-1333
-1323
-1325
-1318
-1323
-1327
-1335
-1349
-1362
-1369
-1387
-1384
-1395
-1396
-1388
-1392
-1379
-1371
-1355
-1350
-1346
-1336
-1340
-1338
-1345
-1342
-1352
-1370
-1371
-1394
-1388
-1398
-1401
-1404
-1409
-1405
-1413
-1402
-1397
-1393
-1370
-1365
-1346
-1339
-1314
-1316
-1312
-1313
-1319
-1329
-1332
-1344
-1355
-1376
-1384
-1399
-2048
-2048
-2048
-2048
-1958
-1567
-1416
-1342
-1322
-1303
-1301
-1307
-1311
-1316
-1324
-1325
-1324
-1325
-1330
-1322
-1319
-1312
-1318
-1319
-1320
-1330
-1330
-1337
-1330
-1332
-1339
-1335
-1344
-1336
-1338
-1331
-1334
-1343
-1340
-1342
-1337
-1338
-1333
-1335
-1344
-1345
-1341
-1335
-1337
-1331
-1318
-1315
-1300
-1306
-1312
-1319
-1345
-1359
-1368
-1355
-1359
-1344
-1335
-1325
-1318
-1326
-1327
-1339
-1337
-1344
-1347
-1343
-1344
-1336
-1332
-1337
-1330
-1345
-1339
-1346
-1342
-1347
-1350
-1349
-1344
-1340
-1338
-1329
-1337
-1342
-1347
-1350
-1348
-1349
-1345
-1342
-1352
-1343
-1349
-1345
-1352
-1353
-1346
-1352
-1345
-1340
-1330
-1333
-1340
-1343
-1348
-1350
-1352
-1350
-1347
-1348
-1336
-1332
-1317
-1313
-2048
-2048
-2048
-2048
-1879
-1544
-1403
-1356
-1338
-1334
-1327
-1329
-1339
-1338
-1338
-1330
-1331
-1332
-1337
-1336
-1332
-1332
-1334
-1339
-1331
-1334
-1348
-1350
-1347
-1342
-1340
-1336
-1338
-1349
-1351
-1356
-1346
-1336
-1327
-1316
-1328
-1328
-1349
-1344
-1349
-1363
-1357
-1349
-1324
-1312
-1314
-1314
-1338
-1339
-1345
-1338
-1343
-1332
-1327
-1325
-1328
-1334
-1335
-1334
-1337
-1336
-1339
-1333
-1336
-1326
-1324
-1330
-1333
-1350
-1354
-1358
-1356
-1348
-1345
-1343
-1339
-1333
-1338
-1330
-1339
-1351
-1346
-1365
-1363
-1365
-1354
-1346
-1354
-1347
-1343
-1350
-1354
-1366
-1366
-1363
-1350
-1342
-1336
-1337
-1346
-1350
-1353
-1359
-1367
-1354
-1358
-1348
-1334
-1334
-1320
-1328
-1347
-1356
-1368
-1364
-2048
-2048
-2048
-2048
-1902
-1588
-1465
-1412
-1382
-1371
-1359
-1338
-1332
-1317
-1307
-1302
-1301
-1305
-1302
-1315
-1323
-1334
-1353
-1361
-1374
-1368
-1366
-1357
-1355
-1354
-1340
-1343
-1330
-1333
-1335
-1341
-1356
-1360
-1373
-1374
-1383
-1385
-1391
-1403
-1395
-1387
-1381
-1368
-1362
-1357
-1349
-1334
-1328
-1316
-1318
-1322
-1324
-1343
-1346
-1355
-1361
-1367
-1377
-1375
-1371
-1370
-1366
-1362
-1364
-1364
-1351
-1347
-1342
-1344
-1351
-1354
-1365
-1368
-1377
-1387
-1396
-1398
-1388
-1393
-1377
-1370
-1358
-1351
-1350
-1337
-1334
-1332
-1335
-1341
-1345
-1356
-1361
-1370
-1373
-1372
-1381
-1377
-1375
-1367
-1365
-1359
-1356
-1358
-1358
-1360
-1354
-1356
-1356
-1360
-1369
-1368
-1385
-1382
-1386
-1391
-2048
-2048
-2048
-2048
-1880
-1551
-1444
-1397
-1390
-1391
-1392
-1394
-1377
-1375
-1365
-1363
-1371
-1371
-1376
-1378
-1385
-1389
-1396
-1415
-1424
-1425
-1398
-1384
-1383
-1364
-1359
-1351
-1360
-1363
-1364
-1372
-1369
-1375
-1367
-1358
-1355
-1365
-1379
-1384
-1389
-1394
-1398
-1392
-1392
-1395
-1396
-1400
-1391
-1391
-1393
-1391
-1401
-1400
-1415
-1421
-1414
-1398
-1392
-1380
-1368
-1360
-1356
-1367
-1376
-1364
-1366
-1357
-1362
-1354
-1355
-1374
-1392
-1407
-1409
-1414
-1418
-1413
-1410
-1398
-1405
-1404
-1403
-1403
-1402
-1408
-1400
-1406
-1406
-1415
-1427
-1401
-1390
-1376
-1367
-1348
-1342
-1355
-1357
-1359
-1350
-1351
-1351
-1351
-1350
-1354
-1372
-1380
-1387
-1396
-1399
-1401
-1387
-1390
-1385
-1398
-2048
-2048
-2048
-2048
-1914
-1552
-1410
-1356
-1339
-1331
-1337
-1327
-1330
-1331
-1335
-1341
-1340
-1341
-1338
-1334
-1350
-1341
-1352
-1340
-1347
-1341
-1338
-1338
-1343
-1348
-1342
-1349
-1347
-1349
-1353
-1354
-1359
-1353
-1353
-1361
-1356
-1366
-1362
-1370
-1358
-1362
-1361
-1361
-1365
-1361
-1367
-1356
-1362
-1363
-1365
-1367
-1364
-1368
-1361
-1360
-1370
-1368
-1371
-1364
-1373
-1369
-1369
-1374
-1368
-1367
-1362
-1361
-1364
-1365
-1368
-1360
-1361
-1353
-1351
-1354
-1351
-1349
-1342
-1346
-1341
-1340
-1343
-1337
-1337
-1336
-1341
-1347
-1346
-1353
-1350
-1358
-1351
-1355
-1366
-1363
-1371
-1367
-1374
-1361
-1364
-1369
-1370
-1373
-1369
-1373
-1376
-1375
-1378
-1371
-1367
-1363
-1364
-1370
-1367
-1372
-2048
-2048
-2048
-2048
-1895
-1556
-1411
-1357
-1331
-1327
-1338
-1343
-1358
-1358
-1365
-1358
-1357
-1361
-1357
-1342
-1328
-1319
-1312
-1309
-1313
-1313
-1327
-1321
-1317
-1313
-1312
-1321
-1316
-1330
-1333
-1339
-1348
-1347
-1351
-1347
-1354
-1351
-1354
-1365
-1361
-1361
-1359
-1367
-1362
-1365
-1374
-1376
-1379
-1379
-1385
-1392
-1401
-1393
-1376
-1372
-1361
-1357
-1347
-1342
-1346
-1336
-1333
-1326
-1332
-1343
-1343
-1349
-1356
-1362
-1357
-1349
-1343
-1338
-1331
-1324
-1334
-1351
-1358
-1369
-1371
-1378
-1372
-1369
-1374
-1381
-1391
-1394
-1405
-1413
-1423
-1436
-1432
-1411
-1390
-1370
-1352
-1339
-1337
-1329
-1329
-1319
-1318
-1326
-1326
-1330
-1326
-1334
-1336
-1341
-1352
-1348
-1354
-1344
-1342
-1338
-2048
-2048
-2048
-2048
-1896
-1565
-1436
-1364
-1343
-1342
-1344
-1324
-1315
-1334
-1326
-1320
-1324
-1324
-1319
-1307
-1316
-1310
-1301
-1301
-1297
-1308
-1327
-1322
-1325
-1342
-1333
-1328
-1326
-1343
-1340
-1329
-1333
-1329
-1348
-1346
-1341
-1360
-1351
-1344
-1346
-1346
-1359
-1350
-1356
-1359
-1356
-1342
-1356
-1354
-1356
-1358
-1345
-1336
-1332
-1323
-1327
-1316
-1311
-1306
-1322
-1331
-1319
-1339
-1334
-1333
-1343
-1344
-1341
-1329
-1330
-1329
-1329
-1315
-1317
-1341
-1338
-1341
-1333
-1346
-1352
-1347
-1361
-1361
-1358
-1348
-1346
-1361
-1348
-1347
-1347
-1339
-1344
-1335
-1329
-1340
-1342
-1328
-1317
-1319
-1325
-1313
-1313
-1320
-1307
-1312
-1322
-1334
-1338
-1327
-1336
-1329
-1324
-1309
-1316
-1347
-2048
-2048
-2048
-2048
-1876
-1539
-1407
-1359
-1334
-1327
-1333
-1331
-1334
-1328
-1338
-1336
-1335
-1335
-1326
-1340
-1345
-1345
-1347
-1351
-1356
-1352
-1343
-1345
-1332
-1338
-1341
-1352
-1355
-1370
-1377
-1363
-1354
-1342
-1338
-1332
-1326
-1340
-1341
-1340
-1338
-1349
-1349
-1358
-1363
-1360
-1355
-1348
-1352
-1352
-1361
-1369
-1355
-1355
-1355
-1359
-1371
-1366
-1366
-1366
-1365
-1356
-1356
-1367
-1365
-1369
-1362
-1362
-1359
-1352
-1349
-1353
-1363
-1353
-1353
-1363
-1367
-1375
-1369
-1375
-1370
-1371
-1370
-1369
-1372
-1358
-1354
-1358
-1359
-1363
-1361
-1361
-1346
-1337
-1316
-1316
-1321
-1326
-1338
-1355
-1374
-1375
-1375
-1367
-1349
-1340
-1331
-1340
-1343
-1329
-1338
-1345
-1350
-1348
-1354
-1365
-2048
-2048
-2048
-2048
-1901
-1551
-1412
-1360
-1344
-1346
-1351
-1356
-1359
-1350
-1351
-1344
-1343
-1346
-1345
-1352
-1350
-1356
-1351
-1357
-1364
-1365
-1367
-1361
-1365
-1357
-1355
-1358
-1356
-1364
-1360
-1362
-1368
-1368
-1377
-1374
-1374
-1372
-1374
-1375
-1369
-1375
-1368
-1372
-1371
-1371
-1381
-1377
-1374
-1367
-1369
-1371
-1373
-1381
-1377
-1381
-1374
-1375
-1376
-1373
-1378
-1374
-1373
-1368
-1368
-1374
-1373
-1376
-1377
-1377
-1370
-1366
-1369
-1361
-1361
-1360
-1361
-1370
-1377
-1387
-1380
-1378
-1364
-1356
-1352
-1354
-1355
-1358
-1364
-1363
-1364
-1374
-1375
-1378
-1372
-1371
-1363
-1362
-1363
-1352
-1352
-1348
-1356
-1358
-1358
-1366
-1369
-1374
-1369
-1366
-1368
-1365
-1366
-1356
-1361
-1362
-2048
-2048
-2048
-2048
-1867
-1541
-1416
-1372
-1346
-1345
-1350
-1353
-1361
-1359
-1372
-1371
-1376
-1389
-1387
-1387
-1380
-1379
-1374
-1377
-1377
-1377
-1381
-1378
-1379
-1378
-1377
-1383
-1381
-1377
-1365
-1365
-1362
-1361
-1364
-1358
-1363
-1360
-1369
-1376
-1370
-1376
-1375
-1379
-1369
-1370
-1373
-1375
-1375
-1369
-1376
-1378
-1376
-1389
-1385
-1388
-1384
-1391
-1396
-1392
-1392
-1387
-1385
-1381
-1377
-1386
-1387
-1394
-1388
-1389
-1382
-1379
-1381
-1378
-1379
-1372
-1372
-1374
-1371
-1375
-1372
-1383
-1376
-1376
-1381
-1379
-1384
-1378
-1378
-1375
-1380
-1383
-1383
-1394
-1397
-1398
-1403
-1408
-1414
-1409
-1417
-1411
-1406
-1407
-1402
-1404
-1402
-1401
-1396
-1399
-1405
-1401
-1402
-1390
-1390
-1373
-2048
-2048
-2048
-2048
-1908
-1553
-1414
-1362
-1340
-1334
-1332
-1339
-1340
-1346
-1365
-1365
-1374
-1370
-1373
-1368
-1368
-1370
-1365
-1364
-1361
-1366
-1363
-1362
-1363
-1361
-1364
-1358
-1363
-1366
-1360
-1368
-1361
-1363
-1358
-1359
-1365
-1365
-1369
-1365
-1371
-1360
-1362
-1372
-1369
-1367
-1367
-1370
-1373
-1374
-1381
-1382
-1381
-1379
-1382
-1382
-1379
-1379
-1370
-1372
-1365
-1361
-1366
-1360
-1361
-1353
-1357
-1350
-1350
-1362
-1361
-1364
-1363
-1370
-1370
-1371
-1377
-1371
-1374
-1370
-1372
-1374
-1371
-1373
-1364
-1370
-13